service_id,date,exception_type
1,20141115,1
1,20141122,1
1,20141129,1
1,20141206,1
1,20141213,1
1,20141220,1
1,20141227,1
1,20150103,1
1,20150110,1
1,20150117,1
1,20150124,1
1,20150131,1
1,20150207,1
1,20150214,1
1,20150221,1
1,20150228,1
1,20150307,1
1,20150314,1
1,20150321,1
1,20150328,1
1,20150404,1
1,20150411,1
1,20150418,1
1,20150425,1
1,20150502,1
1,20150509,1
2,20141116,1
2,20141123,1
2,20141127,1
2,20141128,1
2,20141130,1
2,20141207,1
2,20141214,1
2,20141221,1
2,20141224,1
2,20141225,1
2,20141228,1
2,20150104,1
2,20150111,1
2,20150118,1
2,20150125,1
2,20150201,1
2,20150208,1
2,20150215,1
2,20150222,1
2,20150301,1
2,20150308,1
2,20150315,1
2,20150322,1
2,20150329,1
2,20150405,1
2,20150412,1
2,20150419,1
2,20150426,1
2,20150503,1
2,20150510,1
3,20141114,1
3,20141121,1
3,20141205,1
3,20141212,1
3,20141219,1
3,20141226,1
3,20150102,1
3,20150109,1
3,20150116,1
3,20150123,1
3,20150130,1
3,20150206,1
3,20150213,1
3,20150220,1
3,20150227,1
3,20150306,1
3,20150313,1
3,20150320,1
3,20150327,1
3,20150403,1
3,20150410,1
3,20150417,1
3,20150424,1
3,20150501,1
3,20150508,1
4,20141112,1
4,20141113,1
4,20141117,1
4,20141118,1
4,20141119,1
4,20141120,1
4,20141124,1
4,20141125,1
4,20141126,1
4,20141201,1
4,20141202,1
4,20141203,1
4,20141204,1
4,20141208,1
4,20141209,1
4,20141210,1
4,20141211,1
4,20141215,1
4,20141216,1
4,20141217,1
4,20141218,1
4,20141222,1
4,20141223,1
4,20141229,1
4,20141230,1
4,20141231,1
4,20150101,1
4,20150105,1
4,20150106,1
4,20150107,1
4,20150108,1
4,20150112,1
4,20150113,1
4,20150114,1
4,20150115,1
4,20150119,1
4,20150120,1
4,20150121,1
4,20150122,1
4,20150126,1
4,20150127,1
4,20150128,1
4,20150129,1
4,20150202,1
4,20150203,1
4,20150204,1
4,20150205,1
4,20150209,1
4,20150210,1
4,20150211,1
4,20150212,1
4,20150216,1
4,20150217,1
4,20150218,1
4,20150219,1
4,20150223,1
4,20150224,1
4,20150225,1
4,20150226,1
4,20150302,1
4,20150303,1
4,20150304,1
4,20150305,1
4,20150309,1
4,20150310,1
4,20150311,1
4,20150312,1
4,20150316,1
4,20150317,1
4,20150318,1
4,20150319,1
4,20150323,1
4,20150324,1
4,20150325,1
4,20150326,1
4,20150330,1
4,20150331,1
4,20150401,1
4,20150402,1
4,20150406,1
4,20150407,1
4,20150408,1
4,20150409,1
4,20150413,1
4,20150414,1
4,20150415,1
4,20150416,1
4,20150420,1
4,20150421,1
4,20150422,1
4,20150423,1
4,20150427,1
4,20150428,1
4,20150429,1
4,20150430,1
4,20150504,1
4,20150505,1
4,20150506,1
4,20150507,1
5,20141112,1
5,20141113,1
5,20141114,1
5,20141117,1
5,20141118,1
5,20141119,1
5,20141120,1
5,20141121,1
5,20141124,1
5,20141125,1
5,20141126,1
5,20141201,1
5,20141202,1
5,20141203,1
5,20141204,1
5,20141205,1
5,20141208,1
5,20141209,1
5,20141210,1
5,20141211,1
5,20141212,1
5,20141215,1
5,20141216,1
5,20141217,1
5,20141218,1
5,20141219,1
5,20141222,1
5,20141223,1
5,20141226,1
5,20141229,1
5,20141230,1
5,20141231,1
5,20150101,1
5,20150102,1
5,20150105,1
5,20150106,1
5,20150107,1
5,20150108,1
5,20150109,1
5,20150112,1
5,20150113,1
5,20150114,1
5,20150115,1
5,20150116,1
5,20150119,1
5,20150120,1
5,20150121,1
5,20150122,1
5,20150123,1
5,20150126,1
5,20150127,1
5,20150128,1
5,20150129,1
5,20150130,1
5,20150202,1
5,20150203,1
5,20150204,1
5,20150205,1
5,20150206,1
5,20150209,1
5,20150210,1
5,20150211,1
5,20150212,1
5,20150213,1
5,20150216,1
5,20150217,1
5,20150218,1
5,20150219,1
5,20150220,1
5,20150223,1
5,20150224,1
5,20150225,1
5,20150226,1
5,20150227,1
5,20150302,1
5,20150303,1
5,20150304,1
5,20150305,1
5,20150306,1
5,20150309,1
5,20150310,1
5,20150311,1
5,20150312,1
5,20150313,1
5,20150316,1
5,20150317,1
5,20150318,1
5,20150319,1
5,20150320,1
5,20150323,1
5,20150324,1
5,20150325,1
5,20150326,1
5,20150327,1
5,20150330,1
5,20150331,1
5,20150401,1
5,20150402,1
5,20150403,1
5,20150406,1
5,20150407,1
5,20150408,1
5,20150409,1
5,20150410,1
5,20150413,1
5,20150414,1
5,20150415,1
5,20150416,1
5,20150417,1
5,20150420,1
5,20150421,1
5,20150422,1
5,20150423,1
5,20150424,1
5,20150427,1
5,20150428,1
5,20150429,1
5,20150430,1
5,20150501,1
5,20150504,1
5,20150505,1
5,20150506,1
5,20150507,1
5,20150508,1
6,20141116,1
6,20141123,1
6,20141130,1
6,20141207,1
6,20141214,1
6,20141221,1
6,20141224,1
6,20141225,1
6,20141228,1
6,20150104,1
6,20150111,1
6,20150118,1
6,20150125,1
6,20150201,1
6,20150208,1
6,20150215,1
6,20150222,1
6,20150301,1
6,20150308,1
6,20150315,1
6,20150322,1
6,20150329,1
6,20150405,1
6,20150412,1
6,20150419,1
6,20150426,1
6,20150503,1
6,20150510,1
7,20141114,1
7,20141121,1
7,20141128,1
7,20141205,1
7,20141212,1
7,20141219,1
7,20141226,1
7,20150102,1
7,20150109,1
7,20150116,1
7,20150123,1
7,20150130,1
7,20150206,1
7,20150213,1
7,20150220,1
7,20150227,1
7,20150306,1
7,20150313,1
7,20150320,1
7,20150327,1
7,20150403,1
7,20150410,1
7,20150417,1
7,20150424,1
7,20150501,1
7,20150508,1
8,20141112,1
8,20141113,1
8,20141117,1
8,20141118,1
8,20141119,1
8,20141120,1
8,20141124,1
8,20141125,1
8,20141126,1
8,20141127,1
8,20141201,1
8,20141202,1
8,20141203,1
8,20141204,1
8,20141208,1
8,20141209,1
8,20141210,1
8,20141211,1
8,20141215,1
8,20141216,1
8,20141217,1
8,20141218,1
8,20141222,1
8,20141223,1
8,20141229,1
8,20141230,1
8,20141231,1
8,20150101,1
8,20150105,1
8,20150106,1
8,20150107,1
8,20150108,1
8,20150112,1
8,20150113,1
8,20150114,1
8,20150115,1
8,20150119,1
8,20150120,1
8,20150121,1
8,20150122,1
8,20150126,1
8,20150127,1
8,20150128,1
8,20150129,1
8,20150202,1
8,20150203,1
8,20150204,1
8,20150205,1
8,20150209,1
8,20150210,1
8,20150211,1
8,20150212,1
8,20150216,1
8,20150217,1
8,20150218,1
8,20150219,1
8,20150223,1
8,20150224,1
8,20150225,1
8,20150226,1
8,20150302,1
8,20150303,1
8,20150304,1
8,20150305,1
8,20150309,1
8,20150310,1
8,20150311,1
8,20150312,1
8,20150316,1
8,20150317,1
8,20150318,1
8,20150319,1
8,20150323,1
8,20150324,1
8,20150325,1
8,20150326,1
8,20150330,1
8,20150331,1
8,20150401,1
8,20150402,1
8,20150406,1
8,20150407,1
8,20150408,1
8,20150409,1
8,20150413,1
8,20150414,1
8,20150415,1
8,20150416,1
8,20150420,1
8,20150421,1
8,20150422,1
8,20150423,1
8,20150427,1
8,20150428,1
8,20150429,1
8,20150430,1
8,20150504,1
8,20150505,1
8,20150506,1
8,20150507,1
